140
27,2,32
2,12,7,5,2,33
12,5,50
18,50
3,1,41,18
3,23,21,17
31,20,13
55,15
21,2,30,4,14
2,40,1,1,16
1,43,1,15
20,27,1,16
20,22,4,6,2,8
16,25,4,10
9,6,23,2,3,10
7,6,1,13,10,24
1,5,5,1,8,1,4,26
5,1,7,6,2,21
2,2,7,12,22
1,1,3,37
4,37
2,1,34
1,1,32
20,10
20,11
20,2,6
22,6
18,6
12,4,6
5,8,3,5
9,7,1,5
9,8,5
1,4,2,5,5
12,1,1,1,5
16,1,5
17,5
1,18,5
22,5
22,4
22,1,4
24,4
22,12,4
24,17,4
26,20,4
25,22,4
1,22,1,22,4
26,26,5
45,6,5
45,5,5
1,1,41,5,5
1,2,39,5,5
2,2,47,6
1,49,6
1,49,6
5,40,6
3,42,6
42,7
44,7
46,7
47,7
48,7
48,7
9,38,7
1,9,7,27,6
2,10,1,2,3,28,6
3,9,8,28,6
3,7,5,2,28,6
3,7,3,1,27,5
2,6,1,1,1,27,5
3,6,4,1,27,5
3,2,8,4,2,28,5
2,2,8,8,28,5
2,2,9,2,4,28,5
3,2,9,2,2,28,5
4,3,9,2,2,28,5
3,1,2,9,2,2,28,5
3,1,2,8,2,1,28,5
2,2,2,8,2,1,28,5
2,2,3,9,3,2,28,5
3,2,4,9,2,2,27,5
3,2,4,12,2,2,26,5
6,6,12,2,2,26,5
7,4,2,13,1,1,26,5
9,3,3,13,1,2,26,5
6,2,2,4,2,10,2,25,5
4,2,3,4,5,1,7,2,25,4
2,3,3,2,3,8,4,3,1,5,1,24,4
3,2,1,4,8,4,3,2,24,4
3,2,5,8,4,5,2,24,4
3,2,5,8,3,3,1,23,4
3,3,3,14,1,1,23,4
3,1,6,15,1,23,4
3,2,6,12,1,22,4
2,2,4,1,12,1,22,4
1,2,6,12,2,22,4
2,5,7,12,2,21,4
3,7,6,12,2,6,13,4
3,7,5,12,1,4,13,4
5,6,5,12,1,13,4
3,2,3,1,2,11,2,13,5
3,2,3,1,1,8,4,13,5
2,3,4,2,1,9,13,6
2,6,3,2,10,13,6
8,3,10,13,6
8,3,11,3,13,6
10,5,12,3,7,13,2,6
10,7,12,3,2,3,2,13,2,6
5,4,7,13,2,2,2,13,3,6
3,2,1,4,2,7,14,2,3,3,12,9
6,2,6,9,15,2,1,2,2,12,1,1,7
6,2,5,11,15,2,2,2,2,12,2,1,6
3,2,3,4,14,16,1,2,3,2,3,12,3,6
3,9,4,16,17,1,3,2,2,3,12,2,6
7,6,4,18,17,3,3,4,2,3,12,2,1,6
7,2,3,2,20,16,2,3,4,2,15,11,5,1,6
7,2,3,21,17,2,3,4,23,11,1,2,1,2,6
5,3,23,17,2,1,4,28,11,2,1,2,6
3,4,23,16,1,2,35,11,1,4,7
1,7,6,23,17,2,4,37,10,2,3,7
1,9,3,22,17,1,2,1,39,10,1,1,3,6
1,10,2,24,18,2,1,2,38,11,1,1,3,6
1,10,27,19,2,1,2,3,31,10,1,5,6
1,2,7,27,19,2,2,2,3,31,10,2,1,3,1,6
1,1,5,30,19,2,1,1,3,30,10,1,1,1,2,6
2,2,1,30,22,2,1,1,30,11,1,1,1,1,1,6
2,2,1,30,23,2,1,1,2,29,11,3,2,2,9
2,2,1,29,2,23,1,2,1,3,2,28,13,2,2,1,2,9
3,4,29,2,25,1,2,2,2,34,14,2,1,14
3,32,27,2,3,2,2,2,4,27,19,3,14
4,32,29,3,2,1,3,1,3,66
37,32,2,1,3,2,3,66
7,27,35,4,3,1,2,1,3,66
35,36,4,3,4,2,4,1,65
33,2,47,4,2,6,2,1,65
33,54,2,3,6,63
33,55,5,4,73
175
175
175
175

175
22
1,2,16
2,2,2,4,1,4,13
3,4,9,5,11
3,6,15,10
3,2,2,3,6,4,17,17
22,22,2,27
30,10,7,6,4,8
3,8,2,1,5,3,22
3,1,4,5,1,5,12
9,5,15,15,14
63
4,13,3,3,18
1,4,8,3,4,17
3,1,3,3,3,18
3,2,19
19
19
20
1,1,1,20
1,1,3,2,3,21
4,3,4,5,5,1,22
2,3,8,8,35
70
3,7,15,6,5,24
1,7,5,6,3,25
3,3,1,4,26
2,2,2,26
26
27
27
27
28
21,4
22,5
20,7
20,7
18,6
18,8
17,11
17,11
14,14
11,14
11,12
10,13
8,13
6,20
1,5,22
1,25
2,28
2,32
3,33
4,35
5,36
5,38
2,5,39
3,5,42
3,4,44
3,4,45
4,51
4,50
55
53
52
10,8,19
10,3,16
10,18
8,20
7,4,3,10
5,4,11
3,4,12
2,5,9
6,2,9
5,3,10
2,4,2,7
2,2,2,8
1,2,1,8
2,2,1,9
3,1,2,9
2,1,7
4,1,7
3,7
5,12
2,2,9
2,1,9
3,6
3,9
5,1,8
6,3,11
6,13,4
7,5,6
6,7
8,2,5
2,8,3,5
1,7,1,4,5
1,1,6,1,4,4
9,6,1,4
5,7,3,7,1,5
14,8,1,7
1,2,12,2,8,5,10
2,2,13,1,8,6,1,12
3,6,15,7,16,4
1,3,2,5,17,8,3,5,2,5
2,12,20,8,5,2,6
1,1,4,8,21,7,4,1,8
4,4,8,22,7,14,2,7
9,5,22,1,8,15,2,6
15,24,10,14,1,7
5,9,24,10,13,6
4,8,24,1,10,15,5
4,9,1,23,13,21,5
18,21,11,23,5
4,12,21,11,29
17,21,12,4,1,27
17,32,4,24
17,31,2,32
2,12,31,2,33
1,11,29,3,3,25
1,12,9,16,4,2,25
1,11,6,15,4,4,10,2,26
1,6,4,2,3,17,8,6,6,2,26
13,22,3,8,2,2,26
11,36,1,2,26
2,4,2,2,18,2,7,1,2,26
2,7,1,22,2,1,4,26
12,2,24,3,33
17,2,20,8,32
16,2,2,20,29
1,14,6,21,26
1,19,21,26
19,22,19,26
18,51,26
6,12,54,26
5,12,56,26
16,57,25
15,57,12,11
15,57,6,12
14,57,3,13
16,3,2,56,14
14,3,2,55,16
14,4,1,2,55,20
21,2,3,6,90
21,11,6,89
33,7,89
32,98
16,15,96
14,1,11,2,94
9,6,12,93
9,2,3,18,91
10,1,1,18,89
9,2,1,15,69,14
9,2,2,14,66,12
9,1,2,15,61,1,12
10,2,2,14,54,14
4,1,1,2,1,13,3,31,13
4,1,16,1,27,2,11
4,1,17,21,1,4,2,12
5,1,1,17,18,2,18
6,1,1,15,3,2,12
6,1,2,15,2,11
6,1,4,12,3,4,11
6,5,10,1,4,15
13,8,5,13
13,8,1,2,3,2,15
12,8,2,3,2,23
12,12,3,2,5,13
12,12,17,15
25,1,2,17
25,7,2,2,15
29,16,39
38,39,41
140
140
140
140