80
36,1,30
32,11,20
30,17,17
27,21,15
26,10,1,4,14
24,9,5,12
23,7,5,12
19,2,6,8,1,4,10
17,1,6,14,3,10
16,29,4,1,6
15,1,17,7,4,3,5
14,3,7,1,5,4,1,4
13,2,3,7,4,4,4,2,4
13,2,1,2,6,12,1,8,4,3
13,3,2,4,12,4,1,8,3,3
16,14,7,4,1,4,7,3
12,2,4,8,4,5,2,3,6,3
11,2,4,8,2,3,4,3,3,3
11,2,4,7,1,7,4,1,5,3
11,2,4,7,9,6,2,5,3
11,2,4,3,7,7,3,6,3,1
11,6,2,7,8,3,13,1
12,5,3,1,7,1,2,13,1
21,1,3,7,1,2,4,6,1
20,3,12,3,2,4,4,1
9,5,3,4,6,7,1,4,1,1
9,6,4,1,1,9,1,4,1
9,1,5,1,1,2,14,1,5,2
10,1,6,2,2,19,5,5,2
10,6,3,12,1,1,2,8
11,5,1,2,1,6,2,1,2,6
12,4,2,1,1,1,1,7,1,2,4
12,1,4,3,2,3,9,3,3
13,3,2,2,1,12,6,2,4,1
14,6,2,1,1,1,6,1,2,4,1
21,3,2,4,3,3,6,3
20,2,2,2,3,10,2,7,1
18,1,3,3,2,13,2,5,1
14,3,10,18,2,2,4,1
13,5,11,6,6,2,2,1,2
12,6,4,2,2,1,3,2,2
11,15,5,1,1,2,3
10,16,10,3,3,4,4
10,1,17,4,20,1,11
9,1,18,2,16,2,1,6,3
8,1,18,3,2,5,2,2,5,3
7,2,19,4,1,2,4,4
6,4,19,1,2,3,3,4
5,1,6,19,21,3,4
4,6,19,18,2,4,5
2,8,21,5,6,2,2,3,7
8,21,1,2,2,2,13
12,22,4,2,2,2,5,7
12,22,16,5,2,7
11,23,16,4,2,8
11,23,1,6,3,3,9
11,23,2,3,2,2,10
12,23,5,2,4,16
36,15,3,16
36,4,8,3,3,11
36,2,4,2,2,12
36,5,2,2,2,13
36,13,2,1,2,14
35,14,1,2,15
35,2,5,2,2,16
35,3,2,2,3,16
35,6,2,1,3,17
34,11,1,2,2,18
34,3,1,4,1,2,19
34,4,2,2,3,20
34,9,1,2,21
34,10,2,3,22
37,3,2,2,23
33,4,2,2,2,24
33,6,2,2,2,25
33,4,3,3,26
30,3,2,2,27
30,3,3,1,1,28
30,10,2,29
31,3,3,1,30

80
51,28
51,28
50,28
50,28
49,29
48,30
47,1,30
46,31
45,31
25,16,32
25,12,33
17,5,10,8,23
16,4,7,7,22
12,1,9,5,1,2,26
11,15,3,1,28
10,5,6,2,3,30
9,3,5,1,5,36
8,1,7,5,38
8,5,2,3,3,39
7,5,2,6,3
9,1,5,2,9,41
8,5,1,9,42
7,3,1,7,42
6,1,1,1,5,1,42
5,1,1,3,3,2,41
5,1,1,4,3,4,39
4,2,6,1,7,39
3,3,5,1,1,2,1,39
3,3,5,2,39
3,3,5,40
2,4,6,37,1
2,5,7,41
1,5,6,50
1,12,1,6,1,1,3,30,3
1,10,5,1,2,21,2,2
1,4,13,3,2,13,5,2
3,9,3,5,2,7,2
4,4,3,3,1,3,1,2,2,2,6,3,2
3,3,4,3,2,5,1,2,3,9,2,1
4,3,3,4,2,2,16,8,3,2,2
4,2,3,3,2,3,1,12,8,4,2,2,2
1,4,2,3,3,3,3,1,2,2,2,12,3,2,3,3
3,3,2,2,3,3,2,1,3,5,3,3,3,2,5,2
3,4,2,2,3,4,3,2,3,4,3,3,3,1,8
3,2,3,1,2,4,3,2,3,3,3,2,2,2,1,2
3,3,3,1,2,4,3,3,4,3,2,1,2,3,2
3,3,3,1,1,3,1,2,3,4,2,2,1,3,3,2,2
3,3,2,1,2,3,2,2,2,2,2,2,3,3,2,3
3,3,1,2,2,3,1,3,2,2,2,2,5,2,2
3,3,1,1,3,2,1,2,2,2,2,2,4,1,3,1,1
5,3,2,3,3,1,1,2,2,2,3,3,1,2,1
4,3,4,4,3,1,1,2,2,3,6,2,2,2
4,4,3,4,4,1,2,2,2,3,4,3,3,3
4,3,2,5,4,4,4,3,3,8,1,4,4
5,3,1,5,4,3,3,4,3,7,1,4,5
1,3,5,7,4,3,4,4,3,5,3,3,6
1,3,3,1,4,4,3,4,4,8,2,2,7
1,4,3,1,4,3,4,3,4,3,1,8
1,2,3,9,3,4,2,3,1,4,1,2,9
1,3,3,3,3,3,2,2,6,2,10
2,5,3,4,3,2,4,14,3,11
2,5,3,7,7,4,9,1,2,12
2,10,1,13,1,1,2,13
3,10,1,2,3,1,4,2,14
3,10,1,1,2,11,16
4,4,6,5,5,17
5,2,7,5,3,18
5,2,10,11,2,19
6,2,24,5,2,20
7,2,25,4,23
9,1,1,3,3,4,4,5,2,24
11,5,3,3,4,4,2,25
9,8,4,3,4,4,1,26
9,5,4,3,5,4,30
10,5,3,3,3,30
11,5,3,3,1,31
13,4,3,2,2,34
23,3,2,39
20,3,1,41
28,47